61.26923076923077
58.376
60.666666666666664
61.816
63.4
966
966
966
63.34090909090909
59.46511627906977
49.4
73.375
56.51260504201681
57.41044776119403
56.902654867256636
56.464285714285715
56.31147540983606
65.625
62.5
63.44117647058823
74.33333333333333
69.07692307692308
63.6
52.0
53.51851851851852
58.66101694915254
51.8
49.97826086956522
54.25
966
54.89108910891089
59.78472222222222
966
48.1875
60.63636363636363
60.00729927007299
56.610169491525426
60.86363636363637
58.98540145985402
58.220338983050844
57.69642857142857
60.24271844660194
63.78787878787879
62.5546875
59.57943925233645
57.129629629629626
56.271929824561404
62.40909090909091
66.33333333333333
55.857142857142854
58.40983606557377
55.57142857142857
54.38461538461539
53.333333333333336
966
70.0
71.0
60.74528301886792
61.166666666666664
58.890756302521005
55.31730769230769
59.05882352941177
64.19047619047619
66.93650793650794
57.15714285714286
69.69565217391305
75.55
70.18181818181819
64.28571428571429
63.0
65.44680851063829
56.054794520547944
63.3
62.285714285714285
63.92857142857143
54.4
966
966
966
966
966
966
966
56.138888888888886
49.78021978021978
48.484848484848484
49.109756097560975
49.857142857142854
51.45283018867924
966
966
966
966
966
60.77777777777778
54.5
60.09230769230769
63.78409090909091
69.81159420289855
66.45
64.7625
67.46913580246914
67.1588785046729
65.36781609195403
68.3763440860215
63.26
63.015625
61.6986301369863
61.41379310344828
59.857142857142854
71.8936170212766
74.41304347826087
71.35820895522389
72.42307692307692
73.8360655737705
58.857142857142854
60.5
67.25
47.0
58.80701754385965
62.24590163934426
57.206896551724135
65.02631578947368
67.5
71.78947368421052
63.13559322033898
62.32203389830509
61.41379310344828
60.6283185840708
66.51136363636364
65.22222222222223
76.0
70.95454545454545
67.45614035087719
68.5111111111111
61.78846153846154
62.82170542635659
65.99186991869918
68.8796992481203