0.208
0.25
0.186
0.25
0.019801980198019802
0
0
0
0.264
0.258
0.019646365422396856
0.03088803088803089
0.238
0.268
0.226
0.28
0.16508795669824086
0.030947775628626693
0.08073394495412844
0.11021069692058347
0.011857707509881422
0.04990403071017274
0.0380952380952381
0.027450980392156862
0.1648854961832061
0.17851739788199697
0.17676767676767677
0.13918305597579425
0.11188811188811189
0
0.20549338758901323
0.288
0
0.05947955390334572
0.042801556420233464
0.274
0.236
0.264
0.274
0.236
0.224
0.206
0.264
0.256
0.214
0.216
0.228
0.132
0.11659192825112108
0.05185185185185185
0.244
0.196
0.04914933837429111
0.023575638506876228
0
0.015779092702169626
0.003992015968063872
0.212
0.216
0.238
0.208
0.06039076376554174
0.126
0.14893617021276595
0.1580135440180587
0.12551159618008187
0.07352941176470588
0.0421455938697318
0.02676864244741874
0.01953125
0.15460526315789475
0.19623655913978494
0.13157894736842105
0.07317073170731707
0.05405405405405406
0.019762845849802372
0
0
0
0
0
0
0
0.216
0.182
0.16038882138517618
0.19003476245654694
0.20216606498194944
0.21566632756866735
0
0
0
0
0
0.108
0.1355081555834379
0.14285714285714285
0.176
0.138
0.12
0.16
0.162
0.214
0.174
0.186
0.11325028312570781
0.128
0.14673366834170853
0.13048368953880765
0.09807355516637478
0.10262008733624454
0.1554054054054054
0.1630170316301703
0.09558823529411764
0.16508795669824086
0.02729044834307992
0.03131115459882583
0.015779092702169626
0.00398406374501992
0.14805194805194805
0.15307402760351319
0.09797297297297297
0.12624584717607973
0.04886561954624782
0.06129032258064516
0.118
0.11955420466058764
0.116
0.226
0.176
0.234
0.07114624505928854
0.22
0.114
0.27
0.16774193548387098
0.258
0.246
0.266