60.125
58.42857142857143
64.0886075949367
59.36986301369863
63.5
966
966
966
63.92631578947368
58.55555555555556
54.5
62.111111111111114
53.082191780821915
54.97752808988764
53.71578947368421
52.86363636363637
42.80821917808219
67.5
58.59090909090909
54.02857142857143
76.75
49.0
54.23529411764706
60.25
47.72
50.62
44.56060606060606
49.63636363636363
49.758620689655174
966
45.8
60.67741935483871
966
48.30769230769231
63.666666666666664
56.8235294117647
49.1978021978022
57.04705882352941
58.388888888888886
58.40845070422535
52.88405797101449
57.01176470588236
63.22857142857143
60.6219512195122
59.138888888888886
54.80246913580247
52.93421052631579
51.729729729729726
51.30952380952381
49.416666666666664
51.505376344086024
51.55294117647059
47.5
51.666666666666664
966
62.666666666666664
46.0
61.66216216216216
59.95180722891566
56.05813953488372
57.39473684210526
57.375
62.557377049180324
62.45762711864407
48.28947368421053
56.541666666666664
68.05263157894737
53.0
74.1
56.6
58.73913043478261
44.63013698630137
60.12903225806452
53.42857142857143
56.63636363636363
42.5
966
966
966
966
966
966
966
53.11363636363637
47.71951219512195
44.88235294117647
44.542857142857144
47.6578947368421
47.641975308641975
966
966
966
966
966
57.935483870967744
50.53448275862069
54.59701492537314
61.81818181818182
61.60377358490566
60.98550724637681
60.6875
61.03076923076923
62.986111111111114
61.296875
61.734375
54.81967213114754
55.328125
54.24324324324324
50.19672131147541
57.21875
67.25
69.54545454545455
64.33333333333333
69.65384615384616
67.10526315789474
49.55555555555556
56.77777777777778
61.0
36.5
51.84905660377358
50.630434782608695
56.282051282051285
49.758620689655174
51.6
46.05263157894737
62.967213114754095
60.98
60.15384615384615
63.06976744186046
66.13698630136986
64.88888888888889
62.86206896551724
74.34177215189874
63.05882352941177
68.10810810810811
57.31707317073171
60.90909090909091
65.97368421052632
71.76404494382022