60.56521739130435
59.10526315789474
62.975
60.023809523809526
74.33333333333333
966
966
966
59.93023255813954
59.02564102564103
63.75
59.125
56.325
55.542857142857144
52.906976744186046
54.34090909090909
49.35897435897436
72.11111111111111
54.90909090909091
58.86363636363637
81.25
52.142857142857146
58.0
67.8
50.76
53.48
51.6
50.76923076923077
56.5
966
46.3421052631579
59.40909090909091
966
50.42857142857143
62.857142857142854
59.568627450980394
50.906976744186046
60.35294117647059
59.76315789473684
58.054054054054056
58.08163265306123
60.83720930232558
60.8974358974359
59.333333333333336
57.31707317073171
52.916666666666664
52.76923076923077
52.294117647058826
52.869565217391305
47.25
51.24390243902439
51.02857142857143
53.1
54.333333333333336
966
54.5
54.0
59.65853658536585
58.17142857142857
54.05128205128205
53.191489361702125
58.21052631578947
62.388888888888886
61.666666666666664
50.891891891891895
60.206896551724135
63.1
59.44444444444444
64.0
51.0
56.76190476190476
50.46153846153846
57.21052631578947
54.93333333333333
57.111111111111114
55.333333333333336
966
966
966
966
966
966
966
54.104166666666664
53.28947368421053
51.85294117647059
50.325
49.75675675675676
51.256410256410255
966
966
966
966
966
54.25
49.26923076923077
55.46511627906977
62.21621621621622
60.19230769230769
66.22222222222223
61.4
59.92857142857143
63.2972972972973
61.878787878787875
63.878787878787875
52.9375
55.0
51.515151515151516
52.61290322580645
55.88235294117647
68.28
69.68181818181819
65.13793103448276
69.3
68.73913043478261
48.6
48.833333333333336
63.6
46.0
56.75
55.58620689655172
53.333333333333336
58.3125
54.666666666666664
50.45454545454545
62.03448275862069
63.48571428571429
58.607142857142854
63.285714285714285
65.31428571428572
62.675
70.11764705882354
72.61538461538461
59.9375
69.45945945945945
56.275862068965516
62.85
65.5
67.73170731707317