49.19444444444444
51.96132596685083
59.5625
59.06666666666667
61.2
966
966
966
65.35443037974683
62.672
66.2
74.5
58.21904761904762
60.57664233576642
57.80769230769231
57.34920634920635
58.885245901639344
67.18181818181819
58.13333333333333
62.44444444444444
70.0
61.916666666666664
61.23076923076923
55.857142857142854
55.702127659574465
59.52542372881356
56.98571428571429
58.45238095238095
56.705882352941174
966
56.371428571428574
62.603305785123965
966
55.166666666666664
68.0
62.104166666666664
58.43801652892562
61.37301587301587
62.315384615384616
62.376
59.47727272727273
60.18421052631579
63.984
61.4609375
60.5655737704918
59.43119266055046
58.075
63.403669724770644
66.46296296296296
54.588235294117645
58.07258064516129
56.763636363636365
58.84615384615385
53.333333333333336
966
56.25
51.0
61.26845637583892
61.05806451612903
58.77536231884058
56.5126582278481
57.63636363636363
61.584070796460175
60.24418604651163
58.3
61.25396825396825
65.8695652173913
64.0
65.54545454545455
68.55555555555556
67.52941176470588
55.486486486486484
69.8695652173913
61.625
62.214285714285715
57.0
966
966
966
966
966
966
966
60.525925925925925
57.770270270270274
56.13333333333333
56.55696202531646
59.35526315789474
58.74324324324324
966
966
966
966
966
58.63917525773196
59.39705882352941
59.82795698924731
68.68376068376068
71.26262626262626
73.30208333333333
71.5049504950495
66.29906542056075
68.03669724770643
69.50819672131148
69.82786885245902
60.077777777777776
59.37373737373738
58.915789473684214
58.109756097560975
56.689655172413794
64.58730158730158
73.54901960784314
69.61458333333333
71.48387096774194
73.84375
57.0
61.625
69.6
54.0
64.47560975609755
65.36986301369863
59.121212121212125
62.87096774193548
61.76470588235294
67.0
63.801886792452834
62.74747474747475
61.20652173913044
59.23026315789474
56.93023255813954
61.869281045751634
68.95
70.27338129496403
62.21649484536083
68.95714285714286
60.035714285714285
62.86046511627907
65.12408759124088
69.75