0.15257048092868988
0.12603648424543948
0.13266998341625208
0.13930348258706468
0.05555555555555555
0
0
0
0.14262023217247097
0.12935323383084577
0.07142857142857142
0.1322314049586777
0.13266998341625208
0.11608623548922056
0.14262023217247097
0.14593698175787728
0.22807017543859648
0.15
0.14864864864864866
0.2
0.07339449541284404
0.11290322580645161
0.140625
0.08849557522123894
0.1937984496124031
0.1893939393939394
0.20253164556962025
0.19696969696969696
0.22857142857142856
0
0.1296928327645051
0.14593698175787728
0
0.09929078014184398
0.11965811965811966
0.1691542288557214
0.14262023217247097
0.1691542288557214
0.12603648424543948
0.12271973466003316
0.1625207296849088
0.14262023217247097
0.12935323383084577
0.11940298507462686
0.13598673300165837
0.11940298507462686
0.12935323383084577
0.11276948590381426
0.16911764705882354
0.16783216783216784
0.13598673300165837
0.11608623548922056
0.15151515151515152
0.10714285714285714
0
0.03636363636363636
0.019230769230769232
0.13598673300165837
0.11608623548922056
0.12935323383084577
0.1558872305140962
0.2289156626506024
0.11940298507462686
0.133630289532294
0.15132924335378323
0.17261904761904762
0.1360544217687075
0.144
0.1111111111111111
0.06956521739130435
0.1990521327014218
0.22478386167146974
0.18009478672985782
0.1694915254237288
0.1487603305785124
0.05504587155963303
0
0
0
0
0
0
0
0.15920398009950248
0.12603648424543948
0.1596244131455399
0.17167381974248927
0.17050691244239632
0.13310580204778158
0
0
0
0
0
0.10613598673300166
0.13
0.16764132553606237
0.12271973466003316
0.08623548922056384
0.11940298507462686
0.11608623548922056
0.09286898839137644
0.12271973466003316
0.10945273631840796
0.10945273631840796
0.13168724279835392
0.13266998341625208
0.11036789297658862
0.12601626016260162
0.19540229885057472
0.09633911368015415
0.22564102564102564
0.13647058823529412
0.272108843537415
0.13450292397660818
0.08620689655172414
0.10526315789473684
0.09090909090909091
0.01904761904761905
0.17158176943699732
0.145
0.2153846153846154
0.15609756097560976
0.10227272727272728
0.09865470852017937
0.09618573797678276
0.11864406779661017
0.09286898839137644
0.13930348258706468
0.11608623548922056
0.13266998341625208
0.09392265193370165
0.12935323383084577
0.10613598673300166
0.12271973466003316
0.2600896860986547
0.13266998341625208
0.14593698175787728
0.13598673300165837