0.18691588785046728
0.17990654205607476
0.18457943925233644
0.1705607476635514
0.0221606648199446
0
0
0
0.2219626168224299
0.2102803738317757
0.03287671232876712
0.0481283422459893
0.1705607476635514
0.20794392523364486
0.2219626168224299
0.205607476635514
0.2453781512605042
0.05361930294906166
0.10972568578553615
0.14799154334038056
0.022099447513812154
0.04774535809018567
0.08923884514435695
0.04371584699453552
0.19569471624266144
0.19342359767891681
0.2037037037037037
0.1702127659574468
0.13551401869158877
0
0.17878426698450536
0.21728971962616822
0
0.06598984771573604
0.04864864864864865
0.1985981308411215
0.21261682242990654
0.1985981308411215
0.2102803738317757
0.1658878504672897
0.16121495327102803
0.1985981308411215
0.16355140186915887
0.19158878504672897
0.16822429906542055
0.18925233644859812
0.17757009345794392
0.17289719626168223
0.16
0.06060606060606061
0.21728971962616822
0.1985981308411215
0.06233766233766234
0.03287671232876712
0
0.01652892561983471
0.0056022408963585435
0.17289719626168223
0.1939252336448598
0.20093457943925233
0.17757009345794392
0.11455847255369929
0.1425233644859813
0.16809116809116809
0.20485175202156333
0.16298811544991512
0.095
0.07407407407407407
0.052770448548812667
0.05434782608695652
0.19827586206896552
0.24333333333333335
0.1336206896551724
0.09767441860465116
0.058823529411764705
0.022099447513812154
0
0
0
0
0
0
0
0.205607476635514
0.19158878504672897
0.15022091310751104
0.19471488178025034
0.22125181950509462
0.19308700834326578
0
0
0
0
0
0.14485981308411214
0.1776416539050536
0.17493472584856398
0.17990654205607476
0.12383177570093458
0.16121495327102803
0.14953271028037382
0.15186915887850466
0.16822429906542055
0.14953271028037382
0.14953271028037382
0.16508795669824086
0.14953271028037382
0.17391304347826086
0.16375838926174496
0.14988290398126464
0.09326424870466321
0.14732142857142858
0.18584070796460178
0.13
0.12773109243697478
0.04878048780487805
0.04904632152588556
0.03856749311294766
0.0111731843575419
0.16932907348242812
0.14088820826952528
0.17410714285714285
0.12663755458515283
0.06993006993006994
0.07983193277310924
0.1425233644859813
0.11862396204033215
0.12149532710280374
0.20093457943925233
0.1705607476635514
0.18925233644859812
0.0943089430894309
0.18457943925233644
0.1588785046728972
0.17289719626168223
0.1722689075630252
0.205607476635514
0.17757009345794392
0.20794392523364486