53.0
44.0
53.0
56.0
85.0
966
966
966
62.0
53.0
114.0
113.0
62.0
59.0
56.0
59.0
48.0
91.0
100.0
75.0
99.0
85.0
84.0
101.0
76.0
67.0
70.0
66.0
89.0
966
57.0
67.0
966
106.0
98.0
64.0
61.0
55.0
70.0
62.0
65.0
64.0
64.0
49.0
57.0
53.0
49.0
60.0
84.0
52.0
57.0
52.0
115.0
86.0
966
86.0
158.0
57.0
57.0
54.0
65.0
54.0
63.0
56.0
58.0
73.0
69.0
77.0
77.0
122.0
73.0
66.0
63.0
71.0
65.0
114.0
966
966
966
966
966
966
966
57.0
54.0
73.0
58.0
56.0
61.0
966
966
966
966
966
68.0
72.0
61.0
72.0
71.0
74.0
78.0
67.0
74.0
71.0
75.0
52.0
73.0
53.0
53.0
62.0
63.0
83.0
71.0
57.0
80.0
98.0
97.0
85.0
131.0
59.0
61.0
70.0
75.0
75.0
59.0
55.0
65.0
70.0
70.0
57.0
67.0
78.0
69.0
52.0
72.0
60.0
65.0
65.0
65.0