0.003992015968063872
0.003992015968063872
0.003992015968063872
0.003992015968063872
0.3333333333333333
0
0
0
0.003992015968063872
0.003992015968063872
0.2
0.10526315789473684
0.003992015968063872
0.003992015968063872
0.003992015968063872
0.003992015968063872
0.008333333333333333
0.1111111111111111
0.043478260869565216
0.01694915254237288
0.2857142857142857
0.09090909090909091
0.07692307692307693
0.18181818181818182
0.01282051282051282
0.012345679012345678
0.006825938566552901
0.012345679012345678
0.0273972602739726
0
0.004132231404958678
0.003992015968063872
0
0.05128205128205128
0.13333333333333333
0.003992015968063872
0.003992015968063872
0.003992015968063872
0.003992015968063872
0.003992015968063872
0.003992015968063872
0.003992015968063872
0.003992015968063872
0.003992015968063872
0.003992015968063872
0.003992015968063872
0.003992015968063872
0.003992015968063872
0.011764705882352941
0.04878048780487805
0.003992015968063872
0.003992015968063872
0.06666666666666667
0.2
0
0.25
1.0
0.003992015968063872
0.003992015968063872
0.003992015968063872
0.003992015968063872
0.03125
0.003992015968063872
0.005763688760806916
0.00516795865633075
0.008547008547008548
0.044444444444444446
0.08695652173913043
0.08333333333333333
0.15384615384615385
0.01834862385321101
0.00816326530612245
0.01834862385321101
0.02666666666666667
0.10526315789473684
0.2857142857142857
0
0
0
0
0
0
0
0.003992015968063872
0.003992015968063872
0.006172839506172839
0.005494505494505495
0.006024096385542169
0.004132231404958678
0
0
0
0
0
0.003992015968063872
0.006711409395973154
0.004866180048661801
0.003992015968063872
0.003992015968063872
0.003992015968063872
0.003992015968063872
0.003992015968063872
0.003992015968063872
0.003992015968063872
0.003992015968063872
0.005208333333333333
0.003992015968063872
0.004032258064516129
0.005128205128205128
0.027777777777777776
0.004796163069544364
0.021505376344086023
0.006191950464396285
0.044444444444444446
0.008333333333333333
0.14285714285714285
0.16666666666666666
0.25
0.6666666666666666
0.007380073800738007
0.006711409395973154
0.021505376344086023
0.019417475728155338
0.02702702702702703
0.01652892561983471
0.003992015968063872
0.004098360655737705
0.003992015968063872
0.003992015968063872
0.003992015968063872
0.003992015968063872
0.007692307692307693
0.003992015968063872
0.003992015968063872
0.003992015968063872
0.01652892561983471
0.003992015968063872
0.003992015968063872
0.003992015968063872