0.36
0.362
0.288
0.33
0.019801980198019802
0
0
0
0.316
0.25
0.019646365422396856
0.06177606177606178
0.21
0.274
0.26
0.252
0.16508795669824086
0.0425531914893617
0.05504587155963303
0.1166936790923825
0.023715415019762844
0.046065259117082535
0.049523809523809526
0.027450980392156862
0.1435114503816794
0.17851739788199697
0.17676767676767677
0.12708018154311648
0.11888111888111888
0
0.2136317395727365
0.242
0
0.022304832713754646
0.03501945525291829
0.288
0.242
0.252
0.26
0.25
0.264
0.228
0.25
0.256
0.244
0.218
0.24
0.218
0.16143497757847533
0.06296296296296296
0.248
0.22
0.04914933837429111
0.023575638506876228
0
0.015779092702169626
0.003992015968063872
0.298
0.31
0.276
0.316
0.1172291296625222
0.226
0.2033096926713948
0.22573363431151242
0.17189631650750342
0.08455882352941177
0.04597701149425287
0.04206500956022945
0.03515625
0.16776315789473684
0.1989247311827957
0.1513157894736842
0.08362369337979095
0.05405405405405406
0.019762845849802372
0
0
0
0
0
0
0
0.27
0.148
0.10935601458080195
0.18308227114716108
0.1829121540312876
0.150559511698881
0
0
0
0
0
0.194
0.17063989962358847
0.2043956043956044
0.234
0.198
0.192
0.202
0.214
0.218
0.244
0.244
0.20385050962627407
0.198
0.19095477386934673
0.1844769403824522
0.10157618213660245
0.13755458515283842
0.17229729729729729
0.23357664233576642
0.11397058823529412
0.17320703653585928
0.023391812865497075
0.03131115459882583
0.01972386587771203
0.00796812749003984
0.21298701298701297
0.18318695106649938
0.11148648648648649
0.10299003322259136
0.059336823734729496
0.05806451612903226
0.212
0.2006079027355623
0.184
0.304
0.258
0.306
0.10540184453227931
0.278
0.194
0.28
0.18064516129032257
0.258
0.274
0.28